1
1
0
0
0
0
0
0
0
0
0
0
0
8869
8968
8957
8908
8924
8840
8757
8874
8773
8899
8845
8921
8942
8751
8796
8734
8847
8973
8751
8820
8905
8811
8972
8975
8974
8806
8970
8843
8852
8863
8970
8750
8953
8771
8919
0
0
0
0
0
0
0
0
0
0
0
0
0
0
0
0
0
0
0
0
0
0
0
946
901
768
936
876
756
731
781
844
715
826
758
836
907
784
813
813
0
0
0
0
0
0
0
0
0
0
0
0
0
0
0
0
0
0
0
0
0
0
0
0
0
0
0
0
0
5796
5700
5839
5615
5790
5733
5647
5811
5734
5813
5753
0
0
0
0
0
0
0
5581
5426
5501
5439
5566
5531
5511
5523
5535
5518
5473
5612
0
0
0
0
0
0
0
0
9109
9178
8975
9052
9159
8968
9000
9174
9100
8990
9165
9147
9106
9131
9003
9009
9132
8960
9095
9065
9174
9143
9170
9122
9009
9115
9035
8974
9001
9075
8963
8973
9012
9054
9039
9166
9065
9039
9067
9078
0
0
0
0
0
0
0
0
0
0
0
0
0
0
0
0
0
0
0
0
0
0
0
0
0
0
0
0
0
0
0
0
0
0
0
0
0
0
0
0
0
0
0
0
0
0
0
0
0
0
0
0
0
0
0
0
0
0
0
0
0
0
0
0
0
7780
7574
7614
7753
7560
7561
7683
7626
7707
7630
7778
7796
7679
7678
7712
7683
7590
7696
7807
7727
7788
7624
7692
0
0
4380
4597
4514
4488
4516
4439
4498
4532
4482
4379
4601
4411
4396
4404
4447
4532
4468
4438
4588
4541
4456
4580
4529
4563
4394
4435
4565
4539
4520
4581
4533
4545
4424
4398
0
0
0
0
0
0
0
0
0
0
0
0
0
0
0
0
0
0
0
0
0
0
0
0
0
0
0
0
0
0
0
0
0
4307
4392
4385
4240
4423
4394
4430
4252
4238
4294
4327
4314
4302
4202
4201
4437
4220
4253
0
0
0
0
0
0
0
0
0
0
0
0
0
0
0
0
0
0
0
0
0
0
0
0
0
0
0
0
0
0
0
0
0
0
0
0
0
0
0
0
0
0
0
0
0
0
0
0
0
0
0
0
0
0
0
0
0
0
0
0
0
0
0
0
0
0
0
0
0
0
0
10553
10355
10355
10394
10410
10509
10379
10388
10406
10389
10475
10430
10610
10583
10532
10512
10388
10578
10381
10531
10474
10362
10573
0
0
0
0
0
0
0
0
0
0
0
0
0
0
0
0
0
0
0
0
0
0
0
0
0
0
0
0
0
0
0
0
0
0
0
0
0
0
0
0
0
0
0
0
0
0
0
0
0
0
0
0
0
0
0
0
0
0
0
0
0
0
0
0
0
0
0
0
0
0
0
2684
2825
2729
2623
2833
2724
2744
2785
0
0
0
0
2780
2577
2629
2735
2773
2748
2711
2669
2666
2720
0
0
0
0
0
0
0
0
0
0
0
0
0
0
0
0
0
0
0
0
0
0
0
10921
11001
11007
11002
11032
10898
10995
10874
10900
10999
11048
10842
0
0
0
0
0
0
0
0
0
0
0
0
0
0
0
0
0
0
0
0
0
0
0
0
0
0
0
0
0
0
0
0
0
0
0
0
0
0
0
2724
2775
2578
2785
2741
2680
2722
2659
2702
2552
2602
2731
2636
2622
2741
2707
2725
2637
2661
2674
0
0
0
0
0
0
0
0
0
0
0
0
0
0
0
0
0
0
0
0
0
0
0
0
0
0
0
0
0
0
0
0
0
0
0
0
0
0
0
0
0
0
1831
1877
1984
1826
1981
1810
1816
1808
1960
1865
2002
1846
2008
1959
1866
1807
1880
1822
1834
1907
1836
1975
1977
1956
1772
1956
1856
1961
2008
1899
1962
1959
1904
1973
0
0
0
0
0
0
0
0
0
0
0
0
0
0
0
0
0
0
0
0
0
0
0
0
0
0
0
0
0
0
0
0
0
0
8263
8085
8270
8048
8207
8050
8076
8029
8151
8182
8100
8236
8028
8026
8245
0
0
0
0
0
0
0
0
0
0
0
0
0
0
0
0
0
0
0
0
0
0
0
0
0
0
0
0
0
0
0
0
0
0
0
0
0
0
0
0
0
0
6149
6375
6200
6316
6260
6175
6222
6177
6384
6215
6317
6281
6283
6260
6353
6299
6302
6291
6160
6331
6334
6189
6154
6378
6324
0
0
0
0
0
0
0
0
0
0
0
0
0
0
0
0
0
0
0
0
0
0
0
0
0
0
0
0
0
0
0
0
0
0
0
0
0
0
0
0
0
0
0
0
0
0
0
12038
12164
12250
12222
12240
12225
12109
12099
12231
12034
12252
12194
12181
12150
12214
12049
12198
12216
12150
12051
12158
12118
12032
12103
12150
0
0
0
0
0
0
0
0
0
0
0
0
0
0
0
0
0
0
0
0
0
0
0
0
0
0
0
0
0
0
0
0
0
0
0
0
0
0
0
0
0
0
0
0
0
0
0
0
0
0
0
0
0
0
0
0
0
0
0
0
0
0
0
0
0
0
0
0
0
10652
10447
10578
10456
10586
10435
10663
10450
10539
10627
10448
10658
10479
10628
10449
10464
10528
10617
10539
10474
10640
10619
10633
10643
10592
10637
10636
10483
10540
10633
10548
10490
10480
10553
10449
10508
0
0
0
0
0
0
0
0
0
0
0
0
0
0
0
0
0
0
0
0
0
0
0
0
0
0
0
0
0
0
0
0
0
0
0
0
0
0
0
0
0
0
0
0
0
0
0
0
0
7840
7694
7828
7714
7657
7678
7845
7709
7654
7729
7695
7778
7779
7650
7693
7714
7692
7823
0
0
0
0
0
0
0
0
0
0
0
0
0
0
0
0
0
0
0
11042
11213
11186
11030
11093
11026
11210
11069
11028
11132
0
0
0
0
2362
2324
2320
2228
2354
2337
2391
2220
2309
2346
2381
2328
2311
2392
2396
2283
2236
0
0
0
0
0
0
0
0
0
0
0
0
0
0
0
0
0
0
0
0
10267
10137
10239
10144
0
0
0
0
0
0
0
0
0
0
0
0
0
0
0
0
0
0
0
0
0
0
0
0
0
0
0
0
0
0
0
0
0
0
0
0
0
0
0
0
0
0
0
0
0
0
0
7188
7182
7196
7266
7356
7150
7203
7388
7204
7264
7375
7345
7200
7207
7241
7352
7348
7255
7282
7213
7181
7151
7342
7200
7292
7276
7182
7214
7312
7357
7149
7295
7374
7320
7300
7342
7213
7171
7328
0
0
0
0
0
0
0
0
0
0
0
0
0
0
0
0
0
0
0
0
0
0
0
0
0
0
0
0
0
0
0
0
0
0
0
0
0
0
0
0
9766
9577
9731
9700
9623
9717
9670
9695
9559
9766
9692
9550
9745
9599
9760
9622
9554
9609
9745
9703
9782
9702
9586
9756
9647
9745
9595
9578
9733
9786
9656
9698
9704
9571
9773
9636
9781
9711
0
0
0
0
0
0
0
0
0
0
0
0
0
0
2170
2257
2395
2224
2357
2302
2413
2291
2372
2310
2283
2213
2311
2180
2178
2332
2318
0
0
0
0
0
0
0
0
0
0
0
0
0
0
0
0
10027
9994
9872
9846
9840
10003
9985
9927
9832
9841
9821
9884
9797
10008
9881
9883
9907
9797
10027
9932
9788
9909
10008
9868
9865
9961
9905
10021
10026
9921
9950
9995
10003
9989
9820
9907
9853
9971
9971
0
0
0
0
0
0
0
0
0
0
0
0
0
0
0
0
0
0
3762
3660
3848
3697
3678
3722
3730
3672
3844
3625
3742
3728
3787
3619
3624
3685
3823
3708
3788
0
0
0
0
0
0
0
0
0
0
0
0
0
0
0
0
0
0
0
0
0
0
0
0
0
0
0
0
0
0
0
0
0
0
0
0
10935
11036
10900
10924
10907
11010
10983
10910
11041
11038
10967
10929
11098
10876
10956
10999
11050
10964
10984
11044
10946
10883
11002
11087
11062
11096
11045
11092
10914
10882
11106
10862
10944
10951
11068
11034
11005
0
0
0
0
0
0
0
0
0
0
0
0
0
0
0
0
0
0
0
0
0
0
0
11174
11083
11322
11100
11322
11176
11124
11121
11094
11197
11276
11100
11238
11313
11200
11158
11321
11228
11125
11126
11120
11243
11160
11109
11214
11223
11276
11107
0
0
0
0
0
0
0
0
0
0
0
0
0
0
0
0
0
0
0
0
0
0
0
0
0
0
0
0
0
0
0
0
0
0
0
0
0
0
0
0
0
0
0
0
0
0
0
0
0
0
0
0
0
0
0
0
0
0
0
0
0
0
0
0
0
13777
13771
13655
13682
13651
13739
13716
13791
13812
13778
13646
13698
13682
13853
13639
13666
13715
13799
13830
13887
13678
13685
13762
13688
13887
13640
13693
13786
13840
13666
13873
13682
13725
13847
13841
13836
13791
13667
0
0
0
0
0
0
0
0
0
0
0
0
0
0
0
0
0
0
0
0
0
0
0
0
0
0
0
0
0
0
0
0
0
0
0
0
0
0
0
0
0
0
0
0
0
0
0
0
0
9267
9175
9257
9198
9211
9031
9176
9262
9176
9038
9043
9249
9062
9051
9089
9181
9240
9028
9065
9268
9250
9271
9127
9090
9113
9053
9272
9253
9206
9230
9166
9229
9132
9239
9037
0
0
0
0
0
0
0
0
0
0
0
0
0
0
0
0
0
0
0
0
0
0
0
0
0
0
0
0
0
0
0
0
0
0
0
0
0
0
0
0
0
0
0
0
0
0
0
0
0
9991
9794
9858
9802
9972
9903
9829
9884
9933
9926
9972
9842
9835
9969
9792
9922
9800
9901
9912
10019
10005
9984
9978
9878
9819
9985
9930
0
0
0
0
0
0
0
0
0
0
0
0
0
0
0
0
0
0
0
0
0
0
0
0
0
0
0
0
0
0
0
0
0
0
0
0
0
0
0
0
0
0
0
0
0
0
0
0
0
0
0
0
0
0
0
0
0
0
0
0
0
0
0
0
0
0
0
0
0
0
0
0
3285
3378
3344
3241
3402
3310
3237
3240
3223
3312
3289
3224
3349
3175
3226
3371
3212
3258
3189
3240
3227
3345
3329
3279
3361
3174
3422
3191
3387
3344
3170
3368
3399
0
0
0
0
0
0
0
0
0
0
0
0
0
0
0
0
0
0
0
0
0
0
0
0
0
0
0
0
0
0
0
0
0
0
0
0
0
0
0
0
0
0
0
0
0
0
0
0
0
0
0
0
0
0
0
0
0
0
0
0
0
0
0
0
0
0
0
0
0
0
0
0
0
0
0
618
724
760
704
611
819
693
706
748
713
805
844
622
805
732
840
743
834
840
809
828
622
0
0
0
0
0
0
0
0
0
0
0
0
0
0
0
0
0
0
0
0
0
0
0
0
0
0
0
0
0
0
0
0
12039
11861
11909
11996
11897
11913
12026
12025
11970
12008
11970
11883
11966
11906
11820
12048
11982
11814
11859
11879
11962
11856
11896
12004
11967
11812
12065
12065
11900
11902
0
0
0
0
0
0
0
0
0
0
0
0
0
0
0
0
0
0
4184
4034
4159
4081
4218
4086
4087
4001
4207
0
0
0
0
0
2267
2210
2274
2346
2242
2322
2305
2407
2325
2345
0
0
0
0
0
0
0
0
0
0
0
0
0
0
0
0
0
0
0
0
0
0
0
0
0
0
10085
10216
10060
10174
10048
10224
10057
10058
10002
10082
10238
10178
10082
10080
10131
10059
10183
10114
10235
10089
10180
10017
10154
10039
10188
10200
10147
10000
10218
10204
0
0
0
0
0
0
0
0
0
0
0
0
0
0
0
0
0
0
0
0
0
0
0
0
0
0
0
0
0
0
0
0
0
0
0
0
0
0
0
0
0
0
0
11648
11737
11516
11684
11506
11513
11759
11581
11610
11576
11687
11573
11654
11692
11507
11506
11553
11736
11721
11754
11520
11619
11757
11652
11677
11723
11597
11620
0
0
0
0
0
0
0
0
0
0
0
0
0
0
0
0
0
0
0
0
0
0
0
0
0
0
0
0
0
0
0
0
0
0
0
0
0
0
0
0
0
0
0
0
0
0
0
0
0
0
0
0
0
0
0
0
0
0
0
0
0
0
0
0
0
0
0
0
0
0
0
0
0
0
0
0
0
0
0
0
8658
8750
8773
8687
8748
8530
8753
8602
8588
8564
8658
8540
8684
8618
8681
8616
8675
8743
8760
8626
8675
8666
8602
8603
8607
8668
8565
8734
0
0
0
0
0
0
0
0
0
0
0
0
0
0
0
0
0
0
0
0
0
0
0
0
0
0
0
0
0
0
0
0
0
0
0
0
0
0
0
0
5461
5437
5458
5434
5500
0
0
0
0
0
0
0
0
12973
12960
12941
12876
13023
12862
13002
12971
12866
12970
12820
12994
12891
12876
12843
13038
12965
12926
13007
12872
13051
12801
12951
12918
13031
12859
12910
12988
12906
12834
12967
12877
13026
12866
12925
12943
0
0
0
0
0
0
0
0
0
0
0
0
0
0
0
0
0
0
0
0
0
0
0
0
0
0
0
0
0
0
0
0
8486
8408
8371
8345
8485
8397
8532
8514
8335
8456
8480
8386
8534
8405
8414
8414
8441
8334
8468
8441
8395
8399
8498
8393
8366
8325
8387
8483
8438
8421
8452
8396
8557
8476
0
0
0
871
830
849
795
752
658
908
712
744
881
677
803
778
721
688
691
854
895
821
721
678
826
755
699
856
767
0
0
0
0
0
0
0
7612
7578
7634
7533
7470
7570
7497
7597
7651
7498
7494
7577
7537
7438
7652
7449
7581
7590
7620
7450
7668
7487
7449
7498
7605
7584
7611
7654
7536
7661
7609
7488
7465
7471
0
0
0
0
0
0
0
0
0
0
0
0
0
0
0
0
0
0
0
0
0
0
0
0
0
0
0
0
0
0
0
0
0
0
0
0
0
0
0
0
0
0
0
0
0
0
0
0
0
0
0
0
0
0
0
0
0
3914
3810
3960
3970
3817
3812
4013
3841
3876
3778
3836
3838
3794
4013
3873
3880
3903
3991
3777
3791
3897
4002
3910
3865
3789
3900
3929
3837
3807
3809
3865
3788
3866
4020
3881
3905
3956
0
0
0
0
0
0
0
0
0
0
0
0
0
11786
11823
11915
11887
11968
11908
11915
11865
0
0
0
0
0
0
0
0
0
0
0
0
0
7705
7661
7674
7565
7776
7594
7748
7664
7660
7680
7576
7715
7614
7577
7715
7657
7659
7765
7689
7775
7735
7616
7805
7603
7625
7746
7752
7674
7563
7639
7559
0
0
0
0
0
0
0
0
0
0
0
0
0
0
0
0
0
0
0
0
0
0
2139
1937
2145
2020
1910
2129
1985
1964
1907
1922
1990
1931
2119
2006
2144
2004
1963
1975
2139
2133
1938
2115
1923
2095
2075
2119
2000
2007
2140
2037
1933
2123
1929
1988
1907
2130
1946
0
0
0
0
0
0
0
0
0
0
0
0
0
0
0
0
0
0
0
0
0
0
0
0
0
0
0
0
0
0
0
0
0
0
0
0
0
0
0
0
0
0
0
0
0
0
0
0
0
0
0
0
0
0
0
0
0
0
0
6413
6355
6264
6290
6312
6281
6274
6173
6192
6371
6164
6169
6281
6229
6349
6239
6169
6347
6173
6329
6257
6239
6271
6171
6283
6387
6292
6215
6341
6336
6244
6218
6279
6169
6164
6179
6297
0
0
9367
9444
9463
9370
9247
9292
9328
9284
9234
9253
9300
9462
9271
9340
9251
9351
9304
9290
9476
9469
9281
9280
9311
9300
9364
9424
9285
9277
9407
9241
9250
9267
9433
9287
9278
9456
9311
9442
9469
9331
0
0
0
0
0
0
0
0
0
0
0
0
0
0
0
0
0
0
0
0
0
0
0
0
0
0
0
0
0
0
0
0
0
0
0
0
0
0
0
0
0
0
0
0
0
0
0
0
0
0
0
0
0
0
0
0
0
0
0
0
0
0
0
0
0
0
0
0
0
0
0
13055
13169
13178
12950
12957
12990
13040
13144
13143
13095
13133
13008
12999
13172
13115
13065
0
0
0
0
0
0
0
0
0
0
0
0
0
0
0
0
0
0
0
0
0
0
0
0
0
0
0
0
0
0
0
0
0
0
0
0
0
0
0
0
0
0
0
0
0
7441
7317
7377
7271
7228
7267
7441
7340
7268
7391
7384
7314
7303
7336
7256
7211
7326
7304
7291
7314
7202
7362
7368
7313
7334
7227
7309
7201
7439
7265
7392
0
0
0
0
0
0
0
0
0
0
0
0
0
0
0
0
0
0
0
0
0
0
0
0
0
0
0
0
0
0
0
12903
12777
12782
12839
12946
12758
12779
12792
12745
12845
12739
12867
12960
12788
0
0
0
0
0
0
0
0
0
0
0
0
0
0
0
0
0
0
0
0
0
0
0
0
0
0
0
0
0
0
0
0
0
0
0
0
0
0
0
0
0
0
0
0
0
0
0
0
0
0
0
0
0
0
0
0
0
0
0
0
0
0
0
0
0
0
0
0
0
0
0
0
0
0
0
6326
6447
6306
6508
6387
6447
6299
6368
6481
6492
6351
6381
6492
6301
6307
6384
6437
6310
6401
6528
6493
6413
6456
6452
6456
6408
6324
6525
0
0
0
0
0
0
0
0
0
0
0
0
0
0
0
1712
1629
1682
1877
1806
1851
1743
1668
1799
1879
1679
1785
1647
1648
1671
1709
1773
1728
1738
1655
1675
0
0
0
0
0
0
0
0
0
0
0
0
0
0
0
0
0
0
0
0
0
0
0
0
0
0
0
0
0
0
0
0
0
0
0
0
0
0
0
0
0
0
0
0
0
0
0
0
0
0
0
0
0
0
0
0
0
0
0
0
0
0
0
0
0
0
0
0
0
0
0
11146
11122
10946
11070
11152
11047
11053
11075
11097
11069
11128
11105
11120
10992
10940
11003
11134
10918
11127
11051
10949
11109
11099
10989
10940
11004
11061
11016
11126
11131
11046
11094
10931
0
0
0
0
0
0
0
0
0
0
0
0
0
0
3677
3534
3736
3569
3736
3654
3596
3567
3523
3725
3521
3731
3555
3544
3671
3622
3645
3695
3588
3503
3729
3625
3533
3495
3624
0
0
0
0
0
0
0
0
0
0
0
0
0
0
0
0
0
0
0
0
0
0
0
0
0
0
0
0
0
0
0
0
0
0
0
0
0
0
0
0
0
0
0
0
0
0
0
0
0
0
0
0
0
0
0
0
0
0
0
0
0
0
0
0
0
0
0
0
0
0
10033
10070
9965
10149
10115
9970
10055
10060
10150
10060
10067
9983
10006
9955
9964
10140
10052
10148
10176
10112
9962
9936
10123
10103
10015
10087
10090
10011
9974
10119
9994
10150
0
0
0
0
0
0
0
0
0
0
0
0
0
0
0
0
0
0
0
0
0
0
0
0
0
0
0
0
0
0
0
0
0
0
0
0
0
2309
2316
2306
2151
2223
2352
2294
2236
2205
2234
2166
2180
2364
2348
2188
2195
2353
2160
2270
2352
2131
2225
2370
2372
2220
2313
2255
2216
2374
2375
2210
2197
2280
2284
0
0
9715
9787
9763
9645
9667
9665
9725
9690
9812
9656
9815
9670
9665
9811
9653
9611
9842
9785
9795
9663
9755
0
0
0
0
0
0
0
0
0
0
0
0
0
0
0
0
0
0
0
0
0
0
0
0
0
0
0
0
0
0
0
0
0
0
0
0
0
0
0
0
0
0
0
0
0
0
0
0
0
0
0
0
0
0
0
0
0
0
0
0
0
0
0
0
0
0
0
0
0
0
0
0
0
12218
12412
12283
12340
12388
12346
12297
12217
12289
12401
12364
12379
12261
12446
12204
12379
12246
12201
12215
12303
12421
12426
12402
12293
0
0
0
0
0
0
0
0
0
0
0
0
0
0
0
0
0
0
0
0
0
0
0
0
0
0
0
0
0
0
0
0
0
0
9863
9657
9847
9662
9865
9857
9711
9778
9761
9854
9722
9672
9781
9803
9679
9866
9661
9625
9648
9652
9690
9674
9844
9746
9677
9875
9804
9778
9634
9633
9805
9684
9818
0
0
0
0
0
0
0
0
0
0
0
0
0
0
0
0
0
0
0
0
0
0
0
3055
3034
3068
3118
3102
3100
3104
3062
2938
3117
3112
2969
3092
0
0
0
0
0
0
0
0
0
0
0
0
0
0
0
0
0
0
0
0
0
0
0
0
0
0
0
0
0
0
0
0
0
0
0
0
0
0
0
0
0
0
0
0
0
0
0
0
0
0
0
0
0
0
0
0
0
0
0
0
0
0
0
0
0
0
0
0
0
0
0
0
0
0
0
0
0
0
7274
7209
7255
7266
7224
7225
7344
7287
7289
7223
7325
7327
7292
7186
7254
7155
7257
7186
7238
7164
7331
7311
0
0
0
0
0
0
0
0
0
0
0
0
0
0
0
0
0
0
0
0
0
0
0
0
0
0
0
0
0
0
0
0
0
0
0
0
0
0
0
0
0
0
0
0
0
0
0
0
0
0
0
0
0
0
0
0
0
0
0
0
0
0
0
0
0
0
0
0
0
1991
1996
1971
2134
2037
1986
2117
2091
2035
2099
2016
2129
2090
2216
2043
2164
1996
2175
2032
2177
2151
0
0
0
0
0
0
0
0
0
0
0
0
0
0
0
0
0
0
0
0
0
0
0
0
0
0
0
0
0
0
0
0
0
0
0
0
0
0
0
0
0
0
0
0
0
0
0
0
0
0
0
0
0
0
0
0
0
0
0
0
0
0
0
0
0
0
0
0
0
0
0
0
0
0
0
0
0
0
0
0
7284
7290
7368
7312
7179
7192
7273
7249
7240
7229
7268
7186
7310
7374
7429
7240
7325
7286
7365
7203
7330
7297
7310
7326
7186
7221
7333
7373
7368
7411
7425
0
0
0
0
0
0
0
0
0
0
0
0
0
0
0
0
0
0
0
0
0
0
0
0
0
0
0
0
0
0
0
0
0
0
0
0
0
0
0
0
0
0
0
0
0
0
0
0
0
0
0
0
7096
6869
6938
6890
7041
7012
6929
6859
7020
0
0
0
0
0
0
0
0
0
0
0
0
0
0
0
0
0
0
0
0
0
0
0
0
0
0
0
0
0
0
0
0
0
0
0
0
0
0
0
0
0
0
0
0
0
0
0
0
0
0
0
0
0
0
0
0
0
0
0
0
0
5647
5713
5697
5635
5651
5537
5590
5514
5670
5615
5518
5717
5665
5688
5686
5679
5539
5598
5719
5474
5672
5509
5520
5665
5499
5578
5696
5689
5692
5589
5600
5527
5664
5713
5615
5598
5589
5630
0
0
0
0
0
0
0
0
0
0
0
0
0
0
0
0
0
0
0
0
0
0
0
0
0
0
0
0
0
0
0
0
0
0
0
0
0
0
0
0
0
0
0
0
0
0
0
0
0
0
0
0
0
0
0
0
0
0
7862
7793
7799
7946
0
0
0
0
0
0
0
0
0
0
0
0
0
0
0
0
0
0
0
0
0
0
0
0
8052
7944
7876
8001
7860
7973
7988
7875
7990
7868
7806
7910
7904
7873
7909
7886
7977
7840
7947
8034
8023
7834
7847
7930
7856
7985
7957
8014
7957
8011
7890
8007
7895
7818
7852
7821
7866
7855
7951
0
0
0
0
0
0
0
0
0
0
0
0
0
0
0
0
0
0
0
0
0
0
0
0
0
0
0
0
0
0
0
0
0
0
0
0
0
0
0
0
0
0
0
0
0
8433
8506
8269
8373
8459
8397
8400
8421
8325
8317
8274
8264
8503
8468
8397
8446
8461
8445
8427
8324
8269
8485
8333
8277
8383
8501
8498
8507
0
0
0
0
0
0
0
0
0
0
0
0
0
5719
5718
5876
5724
5950
5863
5934
5749
5922
5913
5761
5808
5739
5851
5728
5776
5900
5761
5804
5869
5730
5949
5862
5761
5765
5907
5964
5822
5748
5859
5736
0
0
0
0
0
0
0
0
0
0
0
0
0
8888
8909
8933
9010
8999
9126
8922
8935
9105
8938
9081
8909
9071
9112
8960
8936
9058
9138
9006
9013
8914
9119
9043
9138
8914
9018
8891
8981
8984
8987
9041
9065
9032
8974
0
0
0
0
0
0
0
0
0
0
0
0
0
0
0
0
0
0
0
0
0
0
0
0
0
0
0
0
0
0
0
0
0
0
0
0
0
0
0
0
0
0
0
0
0
0
0
0
0
0
5457
5366
5446
5544
5422
5414
5374
5420
5442
5409
5497
5576
5602
5397
5519
5496
5449
5413
5474
5499
5358
5583
5497
5571
5378
5484
5419
5441
5439
5460
5473
5564
5498
5380
5394
5446
0
0
0
0
13011
13045
13048
13111
13170
13064
13210
12990
13064
13127
13061
13206
13132
13096
0
0
0
0
0
0
0
0
0
0
0
0
0
0
0
3063
3067
3015
3081
3033
3190
3050
3126
3078
3008
3068
3088
3137
3156
3105
2953
3013
3068
3155
3200
3112
2977
3123
3157
3088
3166
3050
3103
2962
3102
3149
3083
2991
3181
2987
3175
3164
0
0
0
0
0
0
0
0
0
0
0
0
0
0
0
0
0
0
0
0
6573
6562
6755
6652
6689
6609
6747
6701
6742
6639
6663
6654
6617
6538
0
0
0
0
0
0
0
0
0
0
0
0
0
0
0
0
0
0
0
0
0
0
0
0
0
0
0
0
0
0
0
0
0
0
0
0
0
0
0
0
0
0
0
0
0
0
0
0
0
0
0
0
2114
2222
2047
2223
2060
2129
2172
2223
2116
2182
2058
2161
2181
2028
2245
2094
2081
2089
2189
2150
2158
2018
2011
2094
2044
2117
2147
2194
2040
2108
2207
2086
2039
2125
2081
2014
2122
2145
2125
0
0
0
0
0
0
0
0
0
0
0
0
0
0
0
0
0
0
0
0
0
0
0
0
0
0
0
0
0
0
0
0
0
0
0
0
0
0
0
0
0
0
0
0
0
0
0
10786
11028
10909
10831
11020
11003
10805
10853
10860
10980
10860
0
0
0
0
0
0
0
0
0
0
0
0
0
0
0
0
0
0
0
0
0
0
0
0
0
2227
2092
2261
2175
2250
2177
2284
2267
2263
0
0
0
0
0
0
0
0
0
0
0
0
0
0
0
0
0
0
0
0
0
0
0
0
0
0
0
0
0
0
0
0
0
0
0
0
0
0
0
0
0
0
0
0
0
0
0
0
0
0
0
0
0
0
0
0
0
0
0
0
5422
5388
5599
5391
5371
5420
5539
5491
5419
5579
5504
5571
5438
0
0
0
0
0
0
0
0
0
0
0
0
0
0
0
0
0
0
0
0
0
0
0
6675
6807
6807
6664
6619
6705
6855
6738
0
0
0
0
0
0
0
0
0
0
0
0
0
0
0
1114
863
1056
941
1083
1116
895
1023
1091
872
1051
922
866
979
877
1003
969
1026
1115
889
935
913
1026
915
1102
1087
873
907
898
911
1066
1062
990
953
1005
987
1049
0
0
0
0
0
0
0
0
0
0
0
2251
2324
2318
2272
2124
2280
0
0
0
0
0
0
0
0
0
0
0
0
0
0
0
0
0
13037
13071
13054
13095
12950
12951
13012
13085
13051
13032
13033
0
0
0
0
0
0
0
0
0
0
0
0
0
0
0
0
5639
5633
5622
5703
5681
5642
5632
5713
0
0
0
0
0
0
0
0
0
0
0
0
0
0
0
0
0
0
0
0
0
0
0
0
0
0
0
0
0
0
0
0
0
0
0
0
0
0
0
0
0
0
0
0
0
0
0
0
0
0
0
0
0
0
0
0
0
0
0
0
0
0
0
0
0
0
0
0
0
11442
11474
11426
11466
11588
11531
0
0
0
0
0
0
0
0
0
0
0
0
0
0
0
0
0
0
0
0
0
0
0
0
0
0
0
0
0
0
0
0
0
0
0
0
0
0
0
0
0
0
0
0
0
0
0
0
0
0
0
0
0
0
0
0
0
0
0
0
0
0
0
0
0
0
0
0
0
0
0
0
0
0
11275
11462
11488
11450
11499
11328
11253
11485
11455
11417
11272
11345
11396
11463
11280
11466
11356
11424
11371
11264
11393
11346
11467
11344
11328
11301
11419
11269
0
0
0
0
0
0
0
0
0
0
0
0
0
0
0
0
0
0
0
0
0
0
0
0
0
0
0
0
0
5325
5351
5278
5506
5372
5501
5402
5464
5483
5304
5422
5342
5510
5389
5453
0
0
0
0
0
0
0
0
0
0
0
0
0
0
0
0
0
0
0
0
0
0
0
0
0
0
0
0
0
0
0
0
0
0
0
0
0
0
0
0
0
0
0
0
0
0
0
0
0
0
0
0
0
0
0
0
2566
2347
2496
2440
2555
2348
2561
0
0
0
0
0
0
0
0
0
0
0
0
0
0
0
0
0
0
0
0
0
0
0
0
0
0
0
0
0
0
0
0
5082
5199
5194
5234
5208
5120
5143
5165
5045
5130
5243
5198
5074
5070
5029
5187
5165
5145
5143
5240
5021
5099
5100
5259
5255
5242
5028
5229
0
0
0
0
0
0
0
0
0
0
0
0
0
0
0
0
0
0
0
0
0
0
0
0
0
0
0
0
0
0
0
0
0
0
0
0
0
0
0
0
0
0
0
0
0
0
0
0
0
0
0
0
0
0
0
0
0
0
0
0
0
0
11878
11952
11771
11883
11758
11834
11924
11813
11883
11893
11907
11890
11999
11920
11862
11858
11788
11762
11807
11818
11892
11930
11835
11967
0
0
0
0
0
0
0
0
0
0
0
0
0
0
0
0
0
0
0
0
0
0
0
0
0
0
0
0
0
0
0
0
0
0
0
0
0
0
0
0
0
0
0
0
0
0
0
0
0
0
0
0
0
0
0
0
0
0
0
0
0
0
0
0
0
0
0
0
0
0
0
0
0
0
0
0
0
0
7242
7240
7166
7058
7098
7222
7123
7154
7253
7104
7240
7284
7212
7062
7275
7050
7226
7191
7095
0
0
0
0
0
0
0
0
0
0
0
0
0
0
0
0
0
0
0
0
0
0
0
0
0
0
0
0
0
0
0
0
0
0
0
0
0
0
0
0
0
0
0
0
0
0
0
0
0
0
0
0
0
4161
4175
4111
4110
4215
4256
4231
4175
4153
4266
0
0
0
0
0
0
0
0
0
0
0
0
0
0
0
0
0
0
0
0
0
0
0
0
0
0
0
0
0
0
0
0
0
0
0
0
0
0
0
0
0
0
0
0
0
0
0
0
0
0
0
0
0
0
0
5914
6066
5900
5965
6028
5945
5925
5902
6081
0
0
0
0
0
0
0
0
0
0
0
0
0
0
0
0
0
0
0
0
0
0
1553
1549
1478
1325
1446
1342
1322
1540
1399
1334
1326
1315
1353
0
0
0
0
0
0
0
0
0
0
0
0
0
0
0
0
0
0
0
0
0
0
0
0
0
0
0
0
0
0
0
0
0
0
0
0
0
0
0
0
0
0
0
0
0
0
4859
4919
4823
4687
4810
4773
4931
4901
4777
4692
4759
4771
4839
4809
4790
4761
4898
4739
4783
4917
4748
4872
4731
0
0
0
0
0
0
0
0
0
0
0
0
0
0
0
0
0
0
0
0
0
0
0
0
0
0
3209
3316
3245
3156
3175
3306
3281
0
0
0
0
0
0
0
0
0
0
0
0
0
0
0
0
0
0
0
0
0
0
0
0
0
0
0
0
0
0
0
0
0
0
0
0
0
0
0
0
0
0
0
0
0
0
0
0
0
0
0
0
0
0
0
0
0
0
0
0
0
0
0
0
0
0
0
0
0
0
9211
9240
9186
9318
9083
9137
9154
9184
9235
9223
9294
9130
9150
9128
9305
9136
9290
9173
9172
9252
9269
